6 0.13514166666666666 0.06389375 0.1320625 0.038489062500000004
6 0.35205416666666667 0.0582484375 0.1320625 0.039515625
6 0.5713604166666667 0.0515765625 0.1327479166666667 0.038489062500000004
6 0.7920354166666667 0.04541875 0.1348 0.039515625
6 0.10913958333333333 0.1134171875 0.13343125 0.037976562500000005
6 0.324125 0.107771875 0.13137916666666666 0.037976562500000005
6 0.5429624999999999 0.1021265625 0.1320625 0.037976562500000005
6 0.7619270833333334 0.0967375 0.13343125 0.039515625
6 0.24907291666666664 0.296115625 0.13137916666666666 0.03695
6 0.4635875 0.2930359375 0.129325 0.037976562500000005
6 0.6774208333333334 0.287390625 0.13137916666666666 0.037976562500000005
6 0.8953583333333334 0.282515625 0.1348 0.039515625
6 0.22375416666666667 0.34538125000000003 0.1327479166666667 0.041056249999999996
6 0.43553333333333333 0.34050624999999995 0.129325 0.0374640625
6 0.6493666666666666 0.33511875 0.13001041666666666 0.03695
6 0.86559375 0.328703125 0.13411666666666666 0.0364375
6 0.15430208333333334 0.3908 0.1320625 0.038489062500000004
6 0.368475 0.3872078125 0.129325 0.035410937499999996
6 0.5799124999999999 0.3831015625 0.12658958333333334 0.035410937499999996
6 0.7934041666666667 0.37745625 0.13343125 0.035410937499999996
6 0.129325 0.43750156250000005 0.13137916666666666 0.0364375
6 0.34213125 0.4328828125 0.13001041666666666 0.0374640625
6 0.55254375 0.4292890625 0.12795625000000002 0.0374640625
6 0.76500625 0.4239015625 0.13137916666666666 0.0359234375
6 0.26754791666666666 0.6119875 0.12864166666666668 0.038489062500000004
6 0.47590625 0.6063421875 0.1252208333333333 0.0364375
6 0.6832374999999999 0.6030078125 0.12795625000000002 0.03695
6 0.8956999999999999 0.6006984375 0.12864166666666668 0.0364375
6 0.24120208333333332 0.65791875 0.12658958333333334 0.0359234375
6 0.44750833333333334 0.65253125 0.12590416666666668 0.0364375
6 0.6544979166666667 0.6473984375 0.12795625000000002 0.035410937499999996
6 0.8662770833333333 0.6461156250000001 0.13137916666666666 0.0359234375
6 0.17482916666666665 0.7023109375 0.1252208333333333 0.0364375
6 0.38250416666666665 0.6976921875 0.12590416666666668 0.038489062500000004
6 0.58949375 0.6930734375000001 0.1252208333333333 0.038489062500000004
6 0.7971666666666667 0.689225 0.12727291666666665 0.037976562500000005
6 0.14985416666666665 0.746959375 0.12590416666666668 0.0364375
6 0.35581666666666667 0.7433671875000001 0.12453541666666666 0.035410937499999996
6 0.5621229166666667 0.7390046875 0.1252208333333333 0.03695
6 0.7701374999999999 0.7336156250000001 0.12658958333333334 0.035410937499999996
6 0.2808895833333333 0.9209328125 0.1252208333333333 0.0374640625
6 0.48753749999999996 0.9155437499999999 0.12795625000000002 0.034896875
6 0.6941854166666667 0.9104125000000001 0.12385208333333333 0.034896875
6 0.8977541666666667 0.9050234374999999 0.12727291666666665 0.035410937499999996
6 0.2538625 0.9663515625 0.12453541666666666 0.0400296875
6 0.46050833333333335 0.9622453125 0.12590416666666668 0.037976562500000005
6 0.6675 0.9573703125 0.12658958333333334 0.035410937499999996
6 0.8710666666666667 0.949928125 0.12590416666666668 0.0359234375
5 0.11562083333333334 0.13955 0.021510416666666667 0.0225859375
5 0.08765625 0.1871421875 0.020435416666666668 0.0225859375
5 0.3315333333333333 0.1339046875 0.020972916666666667 0.0233921875
5 0.30383750000000004 0.18250468749999998 0.022585416666666667 0.0229890625
5 0.26807708333333335 0.222434375 0.023125 0.0221828125
5 0.24064999999999998 0.271034375 0.020972916666666667 0.0233921875
5 0.5485041666666667 0.1282265625 0.019839583333333334 0.021881249999999998
5 0.5207875000000001 0.1778984375 0.021589583333333332 0.0231953125
5 0.48344166666666666 0.2188171875 0.018089583333333333 0.022757812500000002
5 0.45659999999999995 0.2671765625 0.020422916666666666 0.022318750000000002
5 0.7679041666666667 0.12188125 0.02100625 0.024070312500000003
5 0.7393124999999999 0.17133437499999998 0.022172916666666667 0.0249453125
5 0.7002166666666667 0.212034375 0.019839583333333334 0.0249453125
5 0.6710416666666666 0.2614875 0.02100625 0.0231953125
5 0.92049375 0.2063453125 0.020422916666666666 0.024070312500000003
5 0.8895666666666667 0.2555796875 0.019256250000000003 0.0236328125
5 0.9190354166666667 0.5295390625 0.019839583333333334 0.0236328125
5 0.889275 0.574834375 0.02100625 0.024070312500000003
5 0.7699479166666666 0.44901406250000003 0.020422916666666666 0.022757812500000002
5 0.7401875 0.494528125 0.019256250000000003 0.0236328125
5 0.7043020833333333 0.533040625 0.018672916666666664 0.022757812500000002
5 0.67629375 0.5778984375 0.0163375 0.024070312500000003
5 0.5578395833333334 0.452953125 0.018672916666666664 0.022757812500000002
5 0.5307062499999999 0.4993421875 0.019256250000000003 0.021881249999999998
5 0.49598749999999997 0.5367609375 0.018672916666666664 0.022318750000000002
3 0.46886666666666665 0.581846875 0.011639583333333333 0.007590625
5 0.4685625 0.5809609375 0.0163375 0.020568749999999997
3 0.35018958333333333 0.45931875 0.011035416666666666 0.007303125000000001
5 0.34944791666666664 0.45792812499999996 0.01750625 0.022318750000000002
5 0.3226833333333334 0.5028437499999999 0.01750625 0.022757812500000002
5 0.28825625000000005 0.5411359375 0.02100625 0.022318750000000002
5 0.26141458333333334 0.58686875 0.019839583333333334 0.021881249999999998
3 0.13631041666666666 0.4632140625 0.01298125 0.0082765625
5 0.13625 0.4627875 0.019256250000000003 0.022757812500000002
3 0.11132083333333334 0.5097046875 0.0097375 0.0087625
5 0.11065416666666666 0.5083140625 0.018089583333333333 0.0231953125
5 0.15646875 0.7710843749999999 0.020966666666666668 0.022131249999999998
5 0.13006666666666666 0.8162203125 0.019412500000000003 0.0215484375
5 0.36108125 0.7687546875 0.021741666666666666 0.023295312500000002
5 0.33506874999999997 0.8127249999999999 0.017860416666666667 0.022712500000000004
5 0.3005125 0.8499984374999999 0.021741666666666666 0.022712500000000004
5 0.2741125 0.893678125 0.018637499999999998 0.022712500000000004
5 0.5691895833333334 0.7643875 0.020189583333333334 0.0215484375
5 0.5424 0.8089406250000001 0.020966666666666668 0.023295312500000002
5 0.5082333333333333 0.8467953125 0.019412500000000003 0.024460937500000002
5 0.48105416666666667 0.8913484375 0.02251875 0.023878125
5 0.7741916666666666 0.7585640625000001 0.020189583333333334 0.0215484375
5 0.7485666666666666 0.8022421875000001 0.017083333333333332 0.023878125
5 0.7132333333333333 0.8403890625 0.019412500000000003 0.020965625
5 0.6883854166666666 0.8863984375 0.017860416666666667 0.022131249999999998
5 0.9201770833333334 0.8377687500000001 0.020189583333333334 0.0215484375
5 0.8922229166666666 0.8802828125000001 0.018637499999999998 0.0215484375
0 0.14263333333333333 0.0582796875 0.0108375 0.009815625
0 0.1166625 0.1082015625 0.0108375 0.00935625
0 0.36062083333333333 0.053832812499999994 0.009610416666666666 0.0092015625
0 0.3329125 0.10244999999999999 0.009814583333333333 0.009509375
0 0.5789854166666667 0.046815625 0.011052083333333332 0.010131250000000001
0 0.5503333333333333 0.09721406249999999 0.011052083333333332 0.010028125
0 0.7998604166666666 0.0400171875 0.011891666666666667 0.009884374999999999
0 0.7706104166666666 0.08985781250000001 0.01060625 0.010728125
0 0.2395604166666667 0.2995234375 0.01098125 0.0099703125
0 0.212975 0.3477453125 0.01098125 0.00931875
0 0.16182708333333332 0.3857828125 0.011558333333333332 0.011270312499999999
0 0.45416875000000007 0.29641093749999997 0.010125 0.0102890625
0 0.42706041666666666 0.3441796875 0.010125 0.0102890625
0 0.3770875 0.382884375 0.010779166666666668 0.0097984375
0 0.136775 0.43359531250000005 0.010845833333333334 0.01039375
0 0.35022916666666665 0.42942812500000005 0.010447916666666666 0.009403125
0 0.6678375 0.2911609375 0.0098875 0.0098890625
0 0.6385395833333333 0.33936718749999994 0.009156250000000001 0.008515625
0 0.5874479166666666 0.378509375 0.010254166666666667 0.0093390625
0 0.5592479166666666 0.42479218750000003 0.010254166666666667 0.010162500000000001
0 0.7720333333333333 0.41998593749999996 0.009522916666666667 0.0098890625
0 0.8016979166666667 0.372740625 0.0109875 0.0087890625
0 0.8564520833333333 0.3334609375 0.0098875 0.0093390625
0 0.8863 0.2852546875 0.010254166666666667 0.008515625
0 0.8863354166666666 0.603790625 0.00905625 0.0090546875
0 0.8572291666666666 0.6490671874999999 0.009485416666666666 0.0090546875
0 0.8054854166666666 0.6854484375 0.009485416666666666 0.008084375
0 0.7772416666666667 0.730078125 0.00905625 0.008731250000000001
0 0.6472333333333333 0.651815625 0.010347916666666667 0.008084375
0 0.5972145833333333 0.6886828125 0.010347916666666667 0.009378125000000001
0 0.5709104166666666 0.7342828124999999 0.008624999999999999 0.008731250000000001
0 0.44047291666666666 0.65618125 0.010779166666666668 0.0090546875
0 0.39066875 0.6941812500000001 0.009485416666666666 0.008084375
0 0.3632875 0.739134375 0.010779166666666668 0.010671874999999999
0 0.67395 0.6067781250000001 0.008966666666666666 0.0085171875
0 0.46713125 0.610140625 0.008966666666666666 0.00806875
0 0.2586395833333333 0.6161281249999999 0.008975 0.008503125
0 0.23218541666666667 0.6609484375 0.008975 0.0081484375
0 0.18281875 0.6981499999999999 0.008504166666666667 0.0088578125
0 0.15707291666666667 0.742259375 0.009920833333333334 0.0092125
0 0.27264583333333337 0.92269375 0.008291666666666666 0.0090875
0 0.24474375 0.969809375 0.008610416666666666 0.0090875
0 0.47848749999999995 0.9199437500000001 0.008610416666666666 0.0083703125
0 0.4517 0.9663421875 0.009247916666666666 0.0083703125
0 0.6848062500000001 0.9144421875000001 0.008610416666666666 0.0078921875
0 0.6588166666666667 0.9615578125 0.008291666666666666 0.0083703125
0 0.8888916666666667 0.9083437499999999 0.008610416666666666 0.007653124999999999
0 0.8629020833333334 0.9531875 0.009566666666666668 0.0088484375
7 0.16874583333333334 0.058137499999999995 0.038650000000000004 0.015546875
7 0.14218541666666668 0.10753125000000001 0.03735416666666667 0.014898437499999998
7 0.3858583333333333 0.05279375 0.03800208333333333 0.014575
7 0.35821875000000003 0.1023484375 0.03886666666666667 0.014575
7 0.6057583333333333 0.04650000000000001 0.039647916666666665 0.015965625
7 0.5776854166666666 0.09649218749999999 0.04151041666666667 0.014568749999999998
7 0.8267479166666667 0.0397140625 0.03778541666666667 0.01436875
7 0.7968124999999999 0.08970625 0.038052083333333334 0.01416875
7 0.8601187499999999 0.2862546875 0.040495833333333335 0.0157828125
7 0.8304645833333333 0.33468125 0.040495833333333335 0.0145875
7 0.8277541666666667 0.37210781249999997 0.0382625 0.013870312499999999
7 0.7984208333333334 0.41969687499999997 0.037625 0.0133921875
7 0.6139604166666667 0.3407796875 0.03730625 0.013870312499999999
7 0.6118875 0.37784687499999997 0.037625 0.0148265625
7 0.5847854166666666 0.42388125000000004 0.0369875 0.0145875
7 0.6429770833333334 0.29295000000000004 0.03730625 0.0143484375
7 0.21427291666666667 0.3009625 0.0369875 0.014109375
7 0.1874875 0.3485515625 0.0369875 0.014109375
7 0.1874875 0.38585781249999995 0.03635 0.01363125
7 0.16293541666666667 0.43296875 0.037625 0.012675
7 0.42902291666666664 0.29749375 0.03666875 0.013870312499999999
7 0.4023979166666667 0.345084375 0.0369875 0.013870312499999999
7 0.40160208333333336 0.38203125 0.03603125 0.014109375
7 0.37497708333333335 0.428784375 0.03635 0.0129140625
7 0.23405208333333336 0.616053125 0.036235416666666666 0.0135890625
7 0.20835416666666667 0.6612546874999999 0.03734583333333333 0.013034375
7 0.20687708333333332 0.6979984374999999 0.035866666666666665 0.0133109375
7 0.18099375 0.7422296875000001 0.035866666666666665 0.013034375
7 0.4422229166666667 0.6099515625 0.037714583333333336 0.013034375
7 0.4156 0.6575109375 0.037714583333333336 0.013865625
7 0.41504583333333334 0.6937000000000001 0.03660625 0.013034375
7 0.3871291666666667 0.7389031249999999 0.036235416666666666 0.012479687500000001
7 0.6491 0.6067625 0.03734583333333333 0.0133109375
7 0.6224770833333333 0.6522421875000001 0.03660625 0.0133109375
7 0.6217583333333333 0.688209375 0.03605833333333334 0.013868750000000001
7 0.5958708333333333 0.7339749999999999 0.03605833333333334 0.013868750000000001
7 0.8320937500000001 0.6498984375000001 0.03698125 0.014215625
7 0.8302437500000001 0.685609375 0.03698125 0.014215625
7 0.8025062500000001 0.7299875 0.03698125 0.012828125
7 0.8649145833333334 0.9083671875 0.03698125 0.013868750000000001
7 0.8385645833333334 0.953959375 0.03605833333333334 0.013521875000000001
7 0.6344708333333333 0.9615874999999999 0.036518749999999996 0.014215625
7 0.6605895833333333 0.9149546875 0.03605833333333334 0.013175
7 0.45441458333333334 0.92085 0.03698125 0.013868750000000001
7 0.42737291666666666 0.9669609375 0.035595833333333333 0.0152546875
7 0.24777916666666666 0.9227562500000001 0.03698125 0.014215625
7 0.22027291666666665 0.9700812500000001 0.035595833333333333 0.0145609375
3 0.11525416666666667 0.1392328125 0.01121875 0.00895625
3 0.088475 0.18740625000000002 0.011941666666666666 0.0097703125
3 0.33255208333333336 0.1338046875 0.011579166666666666 0.0094984375
3 0.3043270833333333 0.18265625 0.01085625 0.0094984375
3 0.26887291666666663 0.2224 0.011897916666666666 0.00936875
3 0.24184374999999997 0.2704328125 0.011672916666666667 0.008481250000000001
3 0.5484354166666666 0.128309375 0.011308333333333333 0.0093015625
3 0.5207125 0.177690625 0.0120375 0.008481250000000001
3 0.48423541666666664 0.2187265625 0.011308333333333333 0.009028125
3 0.4561479166666667 0.26715 0.0120375 0.008481250000000001
3 0.7673 0.1218796875 0.010579166666666667 0.008481250000000001
3 0.7384833333333333 0.171534375 0.011308333333333333 0.0093015625
3 0.6999979166666667 0.21216093749999998 0.010214583333333334 0.007934375
3 0.671 0.261678125 0.011308333333333333 0.008481250000000001
3 0.9205041666666667 0.2066890625 0.0120375 0.008481250000000001
3 0.8900458333333334 0.255659375 0.01094375 0.009028125
3 0.32312083333333336 0.5034703125 0.010627083333333332 0.0087296875
3 0.28795000000000004 0.5421828125 0.009108333333333333 0.0094890625
3 0.26062291666666665 0.5875390625 0.009108333333333333 0.007590625
3 0.5579354166666667 0.4537484375 0.009614583333333333 0.0064515625
3 0.5306083333333333 0.4996734375 0.009614583333333333 0.0079703125
3 0.4961958333333333 0.537059375 0.009614583333333333 0.00683125
3 0.7699750000000001 0.4503328125 0.008602083333333333 0.0079703125
3 0.7406229166666666 0.4954984375 0.010627083333333332 0.0094890625
3 0.7049458333333333 0.533075 0.009108333333333333 0.0072109374999999995
3 0.6771125 0.5788093750000001 0.012145833333333333 0.007590625
3 0.9192645833333334 0.530796875 0.009614583333333333 0.0079703125
3 0.8899125 0.5759624999999999 0.011639583333333333 0.0079703125
3 0.15612083333333332 0.77105 0.009614583333333333 0.0087296875
3 0.13031041666666668 0.8154578125 0.009614583333333333 0.0087296875
3 0.27453958333333334 0.8951625 0.011639583333333333 0.0087296875
3 0.3011083333333333 0.8509453125 0.011133333333333334 0.009109375
3 0.3355208333333333 0.81375 0.010120833333333332 0.007590625
3 0.36183541666666663 0.76839375 0.010120833333333332 0.0087296875
3 0.5698270833333333 0.7630796875 0.010120833333333332 0.0087296875
3 0.5425 0.8095749999999999 0.010120833333333332 0.009109375
3 0.50758125 0.8473390625 0.010120833333333332 0.0079703125
3 0.48151875 0.893265625 0.011639583333333333 0.0102484375
3 0.7760479166666667 0.7585250000000001 0.011639583333333333 0.0072109374999999995
3 0.7487208333333334 0.8029328125 0.009614583333333333 0.0079703125
3 0.71405625 0.8405078125 0.011133333333333334 0.0079703125
3 0.6885 0.8871921875 0.009614583333333333 0.0079703125
3 0.9200229166666666 0.8378515625 0.011133333333333334 0.0079703125
3 0.8926958333333332 0.8803609375000001 0.009108333333333333 0.0087296875