6 0.1351416671875 0.06389375 0.1320625 0.0384890625
6 0.3520541671875 0.05824843749999999 0.13206249999999997 0.039515625
6 0.57136041640625 0.0515765625 0.13274791718749998 0.0384890625
6 0.7920354171875 0.045418749999999994 0.1348000000000001 0.039515625000000006
6 0.1091395828125 0.1134171875 0.13343124999999997 0.03797656250000001
6 0.324125 0.10777187499999999 0.13137916562500002 0.03797656249999999
6 0.5429625 0.10212656249999999 0.13206249999999997 0.03797656249999999
6 0.7619270828125 0.0967375 0.13343124999999995 0.039515625
6 0.24907291640625 0.296115625 0.1313791671875 0.03695
6 0.46358750000000004 0.2930359375 0.12932499999999997 0.03797656250000001
6 0.6774208335937499 0.287390625 0.13137916718750003 0.03797656250000001
6 0.8953583328124999 0.282515625 0.1348000000000001 0.03951562500000003
6 0.22375416640624998 0.34538125 0.13274791718749998 0.041056249999999975
6 0.4355333328125 0.34050624999999995 0.129325 0.037464062500000006
6 0.6493666664062501 0.33511875 0.13001041718749998 0.03695000000000004
6 0.86559375 0.328703125 0.13411666562500005 0.03643749999999999
6 0.1543020828125 0.3908 0.13206249999999997 0.03848906249999997
6 0.368475 0.38720781249999997 0.12932500000000005 0.035410937499999975
6 0.5799125 0.3831015625 0.126589584375 0.03541093750000002
6 0.7934041671875001 0.37745625 0.13343125000000003 0.03541093750000002
6 0.129325 0.43750156249999994 0.131379165625 0.03643749999999999
6 0.34213125 0.43288281250000005 0.13001041562500001 0.037464062499999964
6 0.5525437500000001 0.4292890625 0.12795625 0.037464062499999964
6 0.7650062500000001 0.42390156250000005 0.13137916562500013 0.035923437500000065
6 0.26754791640625 0.6119875 0.12864166718749998 0.03848906249999997
6 0.4759062500000001 0.6063421874999999 0.12522083437499995 0.03643749999999999
6 0.6832375 0.6030078125 0.12795625 0.03695000000000004
6 0.8957 0.6006984375 0.12864166562499993 0.03643750000000008
6 0.24120208359374998 0.65791875 0.12658958281249996 0.035923437499999974
6 0.44750833359375 0.65253125 0.12590416718749994 0.03643749999999999
6 0.6544979171875 0.6473984374999999 0.12795625 0.03541093750000002
6 0.8662770835937501 0.646115625 0.13137916718750003 0.035923437499999974
6 0.17482916640625 0.7023109375000001 0.12522083281250002 0.03643749999999999
6 0.38250416640624996 0.6976921875000001 0.1259041671875 0.03848906249999997
6 0.58949375 0.6930734375000001 0.12522083437500003 0.03848906250000006
6 0.79716666640625 0.6892250000000001 0.12727291718749995 0.03797656250000001
6 0.14985416640625 0.746959375 0.1259041671875 0.03643749999999999
6 0.35581666640625 0.7433671875 0.12453541718750002 0.03541093750000002
6 0.56212291640625 0.7390046874999999 0.12522083281250004 0.03694999999999995
6 0.7701374999999999 0.733615625 0.126589584375 0.03541093750000002
6 0.28088958359375005 0.9209328124999999 0.12522083281250002 0.037464062499999964
6 0.4875375 0.91554375 0.12795625000000008 0.03489687500000009
6 0.69418541640625 0.9104125 0.1238520828125 0.03489687500000009
6 0.8977541664062499 0.9050234375 0.12727291718749995 0.03541093750000002
6 0.2538625 0.9663515624999999 0.12453541562499999 0.04002968750000004
6 0.46050833359375 0.9622453125 0.12590416718749994 0.0379765625000001
6 0.6675 0.9573703124999999 0.126589584375 0.03541093750000002
6 0.8710666664062501 0.9499281249999999 0.1259041671875 0.035923437499999974
5 0.11562083359375 0.13955 0.0215104171875 0.022585937499999997
5 0.08765625 0.1871421875 0.020435415624999998 0.02258593750000002
5 0.33153333359375 0.1339046875 0.020972917187499985 0.023392187500000005
5 0.30383750000000004 0.18250468749999998 0.022585415625000004 0.02298906249999999
5 0.2680770828125 0.22243437500000002 0.023125000000000017 0.022182812500000003
5 0.24064999999999998 0.271034375 0.020972915624999987 0.023392187500000005
5 0.54850416640625 0.1282265625 0.019839582812499933 0.021881249999999984
5 0.5207875 0.1778984375 0.021589584375000026 0.0231953125
5 0.48344166640625 0.2188171875 0.018089582812500015 0.022757812499999995
5 0.45660000000000006 0.2671765625 0.020422915625000027 0.022318749999999988
5 0.7679041671875 0.12188125000000001 0.021006250000000025 0.024070312500000003
5 0.7393124999999999 0.17133437499999998 0.022172915625000032 0.024945312500000004
5 0.70021666640625 0.212034375 0.019839582812499933 0.024945312500000028
5 0.6710416671875 0.2614875 0.021006250000000025 0.0231953125
5 0.92049375 0.20634531250000002 0.020422915625000114 0.02407031249999998
5 0.8895666671874999 0.2555796875 0.01925624999999993 0.0236328125
5 0.91903541640625 0.5295390624999999 0.01983958281250011 0.0236328125
5 0.8892749999999999 0.574834375 0.021006249999999938 0.024070312499999958
5 0.76994791640625 0.44901406250000003 0.02042291718750002 0.022757812499999995
5 0.7401875 0.494528125 0.01925625000000002 0.0236328125
5 0.70430208359375 0.5330406249999999 0.018672917187499926 0.022757812499999995
5 0.6762937499999999 0.5778984375 0.01633749999999994 0.024070312500000045
5 0.55783958359375 0.45295312499999996 0.018672917187500016 0.022757812499999995
5 0.53070625 0.49934218750000003 0.01925625000000002 0.02188125000000003
5 0.4959875 0.5367609375 0.01867291562500002 0.022318749999999988
3 0.4688666664062501 0.5818468749999999 0.011639582812499948 0.007590625000000006
5 0.4685625 0.5809609375 0.016337500000000026 0.02056874999999998
3 0.35018958359374996 0.45931875 0.011035417187500007 0.007303124999999966
5 0.3494479171875 0.457928125 0.01750625000000001 0.022318749999999988
5 0.3226833328125 0.50284375 0.01750625000000001 0.022757812499999995
5 0.28825625 0.5411359375 0.021006249999999983 0.022318749999999988
5 0.26141458359375 0.58686875 0.01983958281249998 0.02188125000000003
3 0.13631041718749998 0.46321406249999997 0.01298125000000001 0.008276562500000039
5 0.13624999999999998 0.46278749999999996 0.019256249999999996 0.022757812499999995
3 0.1113208328125 0.5097046875 0.0097375 0.008762500000000006
5 0.11065416640625 0.5083140625 0.018089582812499994 0.023195312499999954
5 0.15646875 0.771084375 0.020966665625000002 0.022131250000000068
5 0.13006666718749998 0.8162203125000002 0.01941250000000001 0.021548437500000083
5 0.36108124999999996 0.7687546875 0.021741665624999972 0.023295312499999988
5 0.33506875 0.812725 0.017860415625000004 0.02271250000000009
5 0.3005125 0.8499984375 0.021741665625000017 0.02271250000000009
5 0.2741125 0.8936781249999999 0.018637499999999994 0.022712499999999913
5 0.56918958359375 0.7643875 0.020189582812500006 0.021548437499999996
5 0.5424 0.808940625 0.020966665624999957 0.023295312500000075
5 0.5082333328125 0.8467953125000001 0.019412499999999965 0.024460937500000134
5 0.48105416718750005 0.8913484374999999 0.022518749999999966 0.023878125000000062
5 0.77419166640625 0.7585640625 0.020189582812500006 0.021548437499999996
5 0.7485666664062499 0.8022421874999999 0.017083332812500008 0.023878125000000062
5 0.7132333328125 0.8403890624999999 0.019412499999999965 0.02096562500000001
5 0.68838541640625 0.8863984374999999 0.017860417187499956 0.02213124999999998
5 0.9201770835937501 0.8377687500000001 0.020189582812500006 0.021548437499999906
5 0.8922229171874999 0.8802828125000002 0.018637499999999994 0.021548437500000083
0 0.1426333328125 0.058279687499999996 0.01083749999999999 0.009815624999999994
0 0.1166625 0.10820156249999999 0.01083750000000001 0.00935625
0 0.36062083359375 0.05383281250000001 0.009610417187499998 0.0092015625
0 0.33291250000000006 0.10245 0.00981458437499998 0.00950937500000001
0 0.57898541640625 0.046815625 0.011052082812499985 0.010131250000000003
0 0.5503333335937499 0.0972140625 0.011052082812499985 0.010028124999999999
0 0.7998604164062499 0.0400171875 0.011891667187500055 0.009884375
0 0.7706104171875 0.0898578125 0.010606250000000017 0.010728125
0 0.2395604171875 0.2995234375 0.010981249999999988 0.0099703125
0 0.212975 0.34774531249999996 0.010981250000000031 0.009318749999999997
0 0.16182708359375 0.3857828125 0.011558332812500006 0.01127031249999999
0 0.45416875 0.2964109375 0.010125000000000028 0.010289062499999968
0 0.4270604171875 0.34417968749999994 0.010125000000000028 0.010289062500000012
0 0.3770875 0.382884375 0.010779165625000031 0.009798437499999979
0 0.136775 0.43359531249999994 0.010845834374999997 0.01039374999999998
0 0.35022916640625 0.429428125 0.0104479171875 0.009403125000000045
0 0.6678375 0.29116093750000005 0.00988749999999996 0.009889062499999967
0 0.6385395828125 0.3393671875 0.009156249999999932 0.008515624999999982
0 0.5874479164062499 0.378509375 0.010254167187499963 0.009339062500000005
0 0.5592479164062499 0.42479218750000003 0.010254167187499963 0.01016250000000003
0 0.77203333359375 0.4199859375 0.009522917187500025 0.009889062499999924
0 0.8016979171875 0.372740625 0.010987499999999973 0.0087890625
0 0.8564520828125 0.33346093750000005 0.00988749999999996 0.009339062500000005
0 0.8863 0.2852546875 0.010254165625000056 0.008515625000000027
0 0.8863354171874999 0.603790625 0.0090562499999999 0.009054687500000025
0 0.8572291664062501 0.6490671875 0.009485417187500112 0.009054687500000025
0 0.8054854164062502 0.6854484375000001 0.009485417187500112 0.008084374999999967
0 0.7772416671875 0.730078125 0.009056249999999988 0.008731249999999946
0 0.64723333359375 0.651815625 0.010347917187499967 0.008084375000000055
0 0.59721458359375 0.6886828125 0.010347917187499967 0.009378125000000015
0 0.5709104171874999 0.7342828125 0.00862500000000006 0.008731250000000034
0 0.44047291640625 0.65618125 0.010779167187499984 0.009054687500000025
0 0.39066875 0.69418125 0.009485415624999983 0.008084374999999967
0 0.3632875 0.739134375 0.010779165624999986 0.010671875000000063
0 0.6739499999999999 0.606778125 0.008966665625000036 0.008517187499999945
0 0.46713125 0.610140625 0.008966665624999948 0.00806874999999998
0 0.2586395828125 0.616128125 0.008975 0.00850312500000001
0 0.23218541718749997 0.6609484375 0.008975 0.00814843750000005
0 0.18281875 0.69815 0.008504165625000004 0.008857812500000062
0 0.15707291640625 0.742259375 0.009920832812500002 0.009212500000000023
0 0.27264583359375 0.92269375 0.008291667187500008 0.009087500000000049
0 0.24474374999999998 0.969809375 0.008610415625000024 0.009087500000000049
0 0.47848749999999995 0.9199437500000001 0.008610415624999933 0.008370312499999954
0 0.45169999999999993 0.9663421875000001 0.009247915624999959 0.008370312500000133
0 0.6848062500000001 0.9144421875 0.008610415625000024 0.00789218750000007
0 0.65881666640625 0.9615578124999999 0.008291667187500008 0.008370312500000133
0 0.88889166640625 0.9083437499999999 0.00861041718750002 0.007653125000000038
0 0.86290208359375 0.9531875 0.009566667187499966 0.008848437500000018
7 0.1687458328125 0.058137499999999995 0.038650000000000004 0.015546875000000005
7 0.14218541640625 0.10753125 0.037354167187499995 0.014898437500000018
7 0.38585833359375005 0.05279374999999999 0.03800208281250002 0.014575
7 0.35821875 0.1023484375 0.038866665624999984 0.014575000000000005
7 0.60575833359375 0.0465 0.03964791718749998 0.015965625
7 0.57768541640625 0.0964921875 0.041510417187499996 0.014568749999999997
7 0.82674791640625 0.0397140625 0.03778541718750006 0.014368750000000003
7 0.7968125 0.08970625 0.03805208437499994 0.014168749999999997
7 0.86011875 0.2862546875 0.04049583437499997 0.0157828125
7 0.83046458359375 0.33468125 0.04049583281249998 0.01458750000000002
7 0.8277541671875 0.3721078125 0.03826249999999991 0.013870312500000015
7 0.7984208328125 0.41969687499999997 0.03762499999999989 0.013392187500000041
7 0.6139604171874999 0.3407796875 0.037306249999999964 0.013870312499999971
7 0.6118875 0.377846875 0.03762500000000006 0.014826562500000006
7 0.5847854171875 0.42388125 0.03698749999999995 0.01458750000000002
7 0.6429770828125 0.29295 0.037306249999999964 0.014348437499999988
7 0.21427291718749997 0.30096249999999997 0.03698749999999999 0.014109375000000002
7 0.1874875 0.34855156249999997 0.03698749999999999 0.014109375000000002
7 0.18748749999999997 0.3858578125 0.03634999999999999 0.013631250000000029
7 0.16293541718750001 0.43296875 0.037625 0.012675000000000037
7 0.42902291718749996 0.29749375 0.03666875000000003 0.013870312499999971
7 0.4023979171875 0.345084375 0.03698750000000004 0.013870312499999971
7 0.4016020828125 0.38203125 0.03603125000000005 0.014109374999999957
7 0.3749770828125 0.42878437500000005 0.036350000000000014 0.012914062500000068
7 0.23405208359375002 0.616053125 0.03623541718749999 0.013589062500000004
7 0.20835416640624999 0.6612546874999999 0.037345832812500014 0.013034375000000065
7 0.20687708359375004 0.6979984375 0.0358666671875 0.013310937500000009
7 0.18099375 0.7422296875 0.035866665625 0.013034374999999977
7 0.44222291640625 0.6099515625 0.03771458281250002 0.013034375000000065
7 0.41559999999999997 0.6575109375 0.03771458437499997 0.013865625000000038
7 0.41504583281249996 0.6937 0.03660624999999995 0.013034374999999977
7 0.38712916640625006 0.738903125 0.03623541718749999 0.012479687500000036
7 0.6491 0.6067625 0.03734583437499994 0.013310937500000009
7 0.6224770828125 0.6522421875 0.03660624999999999 0.013310937500000009
7 0.62175833359375 0.688209375 0.03605833281250002 0.013868749999999963
7 0.5958708335937499 0.733975 0.03605833281250002 0.013868750000000051
7 0.83209375 0.6498984375 0.03698125000000001 0.014215624999999931
7 0.83024375 0.685609375 0.03698125000000001 0.01421562500000002
7 0.8025062500000001 0.7299875 0.03698125000000001 0.012828125000000056
7 0.8649145828125 0.9083671875 0.03698125000000001 0.013868749999999963
7 0.8385645835937499 0.9539593749999999 0.03605833281250011 0.013521874999999994
7 0.6344708328124999 0.9615874999999999 0.03651875000000002 0.01421562500000011
7 0.66058958359375 0.9149546875000001 0.03605833281249993 0.013175000000000025
7 0.4544145828125 0.9208500000000001 0.03698125000000001 0.013868750000000141
7 0.42737291640624997 0.9669609375 0.035595832812500026 0.015254687500000053
7 0.24777916718749998 0.9227562500000002 0.03698125000000001 0.01421562500000011
7 0.22027291640625002 0.97008125 0.035595832812499985 0.014560937499999937
3 0.11525416718749999 0.1392328125 0.01121874999999999 0.008956249999999999
3 0.088475 0.18740625 0.011941665624999997 0.0097703125
3 0.33255208359375 0.1338046875 0.011579167187500027 0.00949843749999999
3 0.30432708281250004 0.18265625000000002 0.010856250000000012 0.00949843749999999
3 0.26887291640625 0.22240000000000001 0.011897917187499996 0.009368750000000014
3 0.24184375 0.2704328125 0.011672915624999992 0.008481249999999996
3 0.54843541640625 0.128309375 0.011308332812499966 0.009301562500000004
3 0.5207124999999999 0.17769062500000002 0.012037500000000012 0.008481250000000018
3 0.48423541640625 0.21872656250000003 0.011308332812500054 0.009028124999999988
3 0.4561479171875 0.26715 0.012037500000000012 0.008481249999999996
3 0.7673 0.1218796875 0.010579165625000008 0.008481249999999996
3 0.7384833335937501 0.171534375 0.011308332812499966 0.009301562500000004
3 0.69999791640625 0.21216093750000004 0.010214582812499984 0.007934375000000004
3 0.671 0.261678125 0.011308334375000052 0.008481249999999996
3 0.9205041671874999 0.20668906250000002 0.012037499999999923 0.008481249999999996
3 0.8900458328125002 0.255659375 0.01094375000000003 0.009028124999999988
3 0.32312083359375 0.5034703125 0.010627082812499999 0.008729687499999982
3 0.28795000000000004 0.5421828125 0.009108334374999982 0.009489062499999968
3 0.26062291640625 0.5875390625 0.009108332812500031 0.007590625000000006
3 0.55793541640625 0.4537484375 0.009614582812499961 0.00645156250000003
3 0.53060833359375 0.4996734375 0.009614582812499961 0.007970312499999998
3 0.49619583359375 0.5370593749999999 0.009614582812499961 0.006831250000000022
3 0.769975 0.4503328125 0.008602084375000008 0.007970312499999998
3 0.74062291640625 0.49549843750000006 0.010627082812499999 0.009489062500000056
3 0.70494583359375 0.533075 0.009108332812499943 0.007210937500000014
3 0.6771125 0.578809375 0.012145834375000053 0.007590625000000006
3 0.91926458359375 0.530796875 0.009614582812499961 0.007970312499999998
3 0.8899125000000001 0.5759624999999999 0.011639584375000034 0.007970312499999998
3 0.15612083359375 0.77105 0.009614582812500005 0.008729687499999982
3 0.13031041640625002 0.8154578125 0.009614582812500005 0.008729687499999982
3 0.27453958359374997 0.8951625 0.011639582812499993 0.008729687499999982
3 0.30110833359375 0.8509453125 0.011133332812499975 0.009109374999999887
3 0.33552083359375 0.81375 0.010120832812500025 0.0075906250000000956
3 0.36183541640625 0.76839375 0.01012083281249998 0.008729687499999982
3 0.56982708359375 0.7630796875 0.01012083281249998 0.008729687499999982
3 0.5425000000000001 0.8095749999999999 0.010120834374999976 0.009109375000000064
3 0.50758125 0.8473390625 0.010120834374999976 0.007970312499999998
3 0.48151875000000005 0.8932656250000001 0.011639584374999946 0.010248437500000129
3 0.77604791640625 0.758525 0.011639582812499948 0.007210937500000014
3 0.74872083359375 0.8029328124999999 0.009614582812499961 0.007970312499999998
3 0.71405625 0.8405078125 0.011133334375000015 0.007970312499999998
3 0.6885 0.8871921875000002 0.009614584374999957 0.007970312499999998
3 0.9200229164062499 0.8378515624999998 0.011133332812500108 0.007970312499999998
3 0.8926958335937499 0.8803609375000001 0.009108332812500031 0.008729687499999982