STR_LOGO_OK 0.13514166666666666 0.06389375 0.1320625 0.038489062500000004
STR_LOGO_OK 0.35205416666666667 0.0582484375 0.1320625 0.039515625
MISS_LOGO 0.5713604166666667 0.0515765625 0.1327479166666667 0.038489062500000004
MISS_LOGO 0.7920354166666667 0.04541875 0.1348 0.039515625
MISS_LOGO 0.10913958333333333 0.1134171875 0.13343125 0.037976562500000005
MISS_LOGO 0.324125 0.107771875 0.13137916666666666 0.037976562500000005
STR_LOGO_OK 0.5429624999999999 0.1021265625 0.1320625 0.037976562500000005
STR_LOGO_OK 0.7619270833333334 0.0967375 0.13343125 0.039515625
STR_LOGO_OK 0.24907291666666664 0.296115625 0.13137916666666666 0.03695
STR_LOGO_OK 0.4635875 0.2930359375 0.129325 0.037976562500000005
STR_LOGO_OK 0.6774208333333334 0.287390625 0.13137916666666666 0.037976562500000005
MISS_LOGO 0.8953583333333334 0.282515625 0.1348 0.039515625
STR_LOGO_OK 0.22375416666666667 0.34538125000000003 0.1327479166666667 0.041056249999999996
STR_LOGO_OK 0.43553333333333333 0.34050624999999995 0.129325 0.0374640625
MISS_LOGO 0.6493666666666666 0.33511875 0.13001041666666666 0.03695
STR_LOGO_OK 0.86559375 0.328703125 0.13411666666666666 0.0364375
STR_LOGO_OK 0.15430208333333334 0.3908 0.1320625 0.038489062500000004
MISS_LOGO 0.368475 0.3872078125 0.129325 0.035410937499999996
STR_LOGO_OK 0.5799124999999999 0.3831015625 0.12658958333333334 0.035410937499999996
STR_LOGO_OK 0.7934041666666667 0.37745625 0.13343125 0.035410937499999996
MISS_LOGO 0.129325 0.43750156250000005 0.13137916666666666 0.0364375
MISS_LOGO 0.34213125 0.4328828125 0.13001041666666666 0.0374640625
MISS_STR 0.55254375 0.4292890625 0.12795625000000002 0.0374640625
STR_LOGO_OK 0.76500625 0.4239015625 0.13137916666666666 0.0359234375
MISS_LOGO 0.26754791666666666 0.6119875 0.12864166666666668 0.038489062500000004
MISS_STR 0.47590625 0.6063421875 0.1252208333333333 0.0364375
STR_LOGO_OK 0.6832374999999999 0.6030078125 0.12795625000000002 0.03695
STR_LOGO_OK 0.8956999999999999 0.6006984375 0.12864166666666668 0.0364375
STR_LOGO_OK 0.24120208333333332 0.65791875 0.12658958333333334 0.0359234375
STR_LOGO_OK 0.44750833333333334 0.65253125 0.12590416666666668 0.0364375
STR_LOGO_OK 0.6544979166666667 0.6473984375 0.12795625000000002 0.035410937499999996
STR_LOGO_OK 0.8662770833333333 0.6461156250000001 0.13137916666666666 0.0359234375
MISS_STR 0.17482916666666665 0.7023109375 0.1252208333333333 0.0364375
STR_LOGO_OK 0.38250416666666665 0.6976921875 0.12590416666666668 0.038489062500000004
MISS_LOGO 0.58949375 0.6930734375000001 0.1252208333333333 0.038489062500000004
STR_LOGO_OK 0.7971666666666667 0.689225 0.12727291666666665 0.037976562500000005
MISS_LOGO 0.14985416666666665 0.746959375 0.12590416666666668 0.0364375
STR_LOGO_OK 0.35581666666666667 0.7433671875000001 0.12453541666666666 0.035410937499999996
MISS_LOGO 0.5621229166666667 0.7390046875 0.1252208333333333 0.03695
STR_LOGO_OK 0.7701374999999999 0.7336156250000001 0.12658958333333334 0.035410937499999996
STR_LOGO_OK 0.2808895833333333 0.9209328125 0.1252208333333333 0.0374640625
STR_LOGO_OK 0.48753749999999996 0.9155437499999999 0.12795625000000002 0.034896875
STR_LOGO_OK 0.6941854166666667 0.9104125000000001 0.12385208333333333 0.034896875
MISS_STR 0.8977541666666667 0.9050234374999999 0.12727291666666665 0.035410937499999996
MISS_STR_LOGO 0.2538625 0.9663515625 0.12453541666666666 0.0400296875
MISS_LOGO 0.46050833333333335 0.9622453125 0.12590416666666668 0.037976562500000005
STR_LOGO_OK 0.6675 0.9573703125 0.12658958333333334 0.035410937499999996
MISS_STR 0.8710666666666667 0.949928125 0.12590416666666668 0.0359234375
QR_OK 0.11562083333333334 0.13955 0.021510416666666667 0.0225859375
QR_OK 0.08765625 0.1871421875 0.020435416666666668 0.0225859375
QR_OK 0.3315333333333333 0.1339046875 0.020972916666666667 0.0233921875
QR_OK 0.30383750000000004 0.18250468749999998 0.022585416666666667 0.0229890625
QR_OK 0.26807708333333335 0.222434375 0.023125 0.0221828125
QR_OK 0.24064999999999998 0.271034375 0.020972916666666667 0.0233921875
QR_OK 0.5485041666666667 0.1282265625 0.019839583333333334 0.021881249999999998
QR_OK 0.5207875000000001 0.1778984375 0.021589583333333332 0.0231953125
QR_OK 0.48344166666666666 0.2188171875 0.018089583333333333 0.022757812500000002
QR_OK 0.45659999999999995 0.2671765625 0.020422916666666666 0.022318750000000002
QR_NG 0.7679041666666667 0.12188125 0.02100625 0.024070312500000003
QR_OK 0.7393124999999999 0.17133437499999998 0.022172916666666667 0.0249453125
QR_NG 0.7002166666666667 0.212034375 0.019839583333333334 0.0249453125
QR_OK 0.6710416666666666 0.2614875 0.02100625 0.0231953125
QR_OK 0.92049375 0.2063453125 0.020422916666666666 0.024070312500000003
QR_NG 0.8895666666666667 0.2555796875 0.019256250000000003 0.0236328125
QR_OK 0.9190354166666667 0.5295390625 0.019839583333333334 0.0236328125
QR_OK 0.889275 0.574834375 0.02100625 0.024070312500000003
QR_OK 0.7699479166666666 0.44901406250000003 0.020422916666666666 0.022757812500000002
QR_NG 0.7401875 0.494528125 0.019256250000000003 0.0236328125
QR_OK 0.7043020833333333 0.533040625 0.018672916666666664 0.022757812500000002
QR_OK 0.67629375 0.5778984375 0.0163375 0.024070312500000003
QR_OK 0.5578395833333334 0.452953125 0.018672916666666664 0.022757812500000002
QR_OK 0.5307062499999999 0.4993421875 0.019256250000000003 0.021881249999999998
QR_OK 0.49598749999999997 0.5367609375 0.018672916666666664 0.022318750000000002
QR_OK 0.4685625 0.5809609375 0.0163375 0.020568749999999997
QR_OK 0.34944791666666664 0.45792812499999996 0.01750625 0.022318750000000002
QR_OK 0.3226833333333334 0.5028437499999999 0.01750625 0.022757812500000002
QR_OK 0.28825625000000005 0.5411359375 0.02100625 0.022318750000000002
QR_NG 0.26141458333333334 0.58686875 0.019839583333333334 0.021881249999999998
QR_OK 0.13625 0.4627875 0.019256250000000003 0.022757812500000002
QR_OK 0.11065416666666666 0.5083140625 0.018089583333333333 0.0231953125
QR_OK 0.15646875 0.7710843749999999 0.020966666666666668 0.022131249999999998
QR_OK 0.13006666666666666 0.8162203125 0.019412500000000003 0.0215484375
QR_OK 0.36108125 0.7687546875 0.021741666666666666 0.023295312500000002
QR_OK 0.33506874999999997 0.8127249999999999 0.017860416666666667 0.022712500000000004
QR_OK 0.3005125 0.8499984374999999 0.021741666666666666 0.022712500000000004
QR_OK 0.2741125 0.893678125 0.018637499999999998 0.022712500000000004
QR_OK 0.5691895833333334 0.7643875 0.020189583333333334 0.0215484375
QR_OK 0.5424 0.8089406250000001 0.020966666666666668 0.023295312500000002
QR_OK 0.5082333333333333 0.8467953125 0.019412500000000003 0.024460937500000002
QR_OK 0.48105416666666667 0.8913484375 0.02251875 0.023878125
QR_OK 0.7741916666666666 0.7585640625000001 0.020189583333333334 0.0215484375
QR_OK 0.7485666666666666 0.8022421875000001 0.017083333333333332 0.023878125
QR_OK 0.7132333333333333 0.8403890625 0.019412500000000003 0.020965625
QR_NG 0.6883854166666666 0.8863984375 0.017860416666666667 0.022131249999999998
QR_OK 0.9201770833333334 0.8377687500000001 0.020189583333333334 0.0215484375
QR_OK 0.8922229166666666 0.8802828125000001 0.018637499999999998 0.0215484375
